Lambda:0.000000 	 Training Set Accuracy: 9.961801
Lambda:50.000000 	 Training Set Accuracy: 11.235775
Lambda:150.000000 	 Training Set Accuracy: 11.235775